tag          keeper forced-close/500  keeper p90 progress  keeper minPurse≤40  bowl forced  ind forced  anyUnmet≤40  anyUnmet p50  final-path  reauc-forced  CRITICAL  IMPOSSIBLE  planner-IMPOSSIBLE
a2c-s1-u40       73               0.786            73          13          4          82          110          0            0        1          0          0
a2c-s1-u81       45               0.783            45           3          3          49          390          0            0        1          0          0
a2c-s1-u122      79               0.789            79           0          0          79          710          0            0        1          0          0
a2c-s1-u163      85               0.789            85           0          2          86          660          0            0        1          0          0
a2c-s1-u203      65               0.789            65           0          0          65          945          0            0        2          0          0
a2c-s1-u244      78               0.786            78           0          1          79         1170          0            0        2          0          0
a2c-s1-u285      76               0.789            76           0          1          77         1060          0            0        2          0          0
a2c-s1-u325      81               0.793            81           0          0          81         1215          0            0        1          0          0
a2c-s2-u40       75               0.789            75          15          2          82          120          0            0        4          0          0
a2c-s2-u81       61               0.783            61           5          3          65          205          0            0        3          0          0
a2c-s2-u122      59               0.786            59           3          5          61          250          0            0        3          0          0
a2c-s2-u163      34               0.780            34           2          1          37          500          0            0        2          0          0
a2c-s2-u203      33               0.777            33           5          1          37          450          0            0        4          0          0
a2c-s2-u244      42               0.780            42           1          1          43          650          0            0        6          0          0
a2c-s2-u285      44               0.780            44           1          0          44          960          0            0        6          0          0
a2c-s2-u325      38               0.783            38           0          0          38         1025          0            0        4          0          0
a2c-s3-u40       77               0.786            77          15          3          85          140          0            0        3          0          0
a2c-s3-u81       69               0.789            69          11          6          76          150          0            0        6          0          0
a2c-s3-u122      66               0.786            66           5          2          70          285          0            0        3          0          0
a2c-s3-u163      73               0.793            73           3          0          76          250          0            0        0          0          0
a2c-s3-u203      69               0.786            69           6          1          74          270          0            0        0          0          0
a2c-s3-u244      61               0.786            61           1          0          62          795          0            0        2          0          0
a2c-s3-u285      55               0.783            55           2          0          56          855          0            0        1          0          0
a2c-s3-u325      53               0.783            53           0          0          53         1050          0            0        2          0          0
ppo-s1-u325       0               0.059             0           0          0           0         2225          0            0        0          0          0
ppo-s2-u325       0               0.065             0           0          0           0         2375          0            0        0          0          0
ppo-s3-u325       0               0.065             0           0          0           0         2200          0            0        0          0          0
